my_data <-c(2,4,6,4)
my_data
new_data1 <-c(3,5,6,7,9,10,11,12,13)
new_data1
new_data_x2 <-new_data1*2
new_data_x2
2+2

